Validation Classification Report:
              precision    recall  f1-score   support

           0       0.04      0.25      0.07         4
           1       0.00      0.00      0.00        11
           2       0.13      0.30      0.18        10
           3       0.04      0.17      0.06         6
           4       0.71      0.19      0.29      1150
           5       0.02      0.20      0.03         5
           6       0.06      0.25      0.10         4
           7       0.09      0.11      0.10         9
           8       0.91      0.53      0.67        19
           9       0.87      0.48      0.62       238
          10       0.64      0.24      0.35       103
          11       0.94      0.93      0.93      4526
          12       0.67      0.20      0.31        30
          13       0.50      0.17      0.26        23
          14       0.91      0.20      0.33        49
          15       0.00      0.00      0.00         3
          16       0.13      0.75      0.22         4
          17       0.80      0.25      0.38        32
          18       0.00      0.00      0.00         3
          19       0.00      0.00      0.00         2
          20       0.83      0.38      0.52        90
          21       0.56      0.23      0.32        22
          22       0.93      0.27      0.42        48
          23       0.69      0.19      0.29        59
          24       0.86      0.15      0.25        41
          25       0.89      0.86      0.87      4393
          26       0.03      0.11      0.04         9
          27       0.83      0.44      0.57        55
          28       0.80      0.21      0.33        77
          29       0.78      0.32      0.45        22
          30       0.85      0.09      0.16       187
          31       0.15      0.10      0.12        20
          32       0.03      0.10      0.04        10
          33       0.04      0.29      0.07         7
          34       0.80      0.27      0.40       305
          35       0.00      0.00      0.00         4
          36       0.78      0.27      0.40        26
          37       0.23      0.20      0.21        15
          38       0.83      0.50      0.62       111
          39       0.68      0.22      0.33        77
          40       0.05      0.25      0.09         4
          41       0.00      0.00      0.00         1
          42       0.88      0.50      0.64        28
          43       0.93      0.11      0.20       354
          44       0.90      0.32      0.47        85
          45       0.68      0.30      0.41        57
          46       0.00      0.00      0.00         3
          47       0.00      0.00      0.00         3
          48       0.00      0.00      0.00         8
          49       0.00      0.00      0.00         0
          50       0.00      0.00      0.00         1
          51       0.03      0.08      0.04        12
          52       0.00      0.00      0.00         4
          53       0.71      0.12      0.21        41
          54       1.00      0.45      0.62        22
          55       0.73      0.25      0.37       120
          56       0.02      0.11      0.04         9
          57       0.00      0.00      0.00         4
          58       0.10      0.09      0.10        22
          59       0.00      0.00      0.00         6
          60       0.00      0.00      0.00         8
          61       0.00      0.00      0.00         6
          62       0.00      0.00      0.00         1
          63       0.10      0.21      0.13        19
          64       0.21      0.33      0.26        18
          65       0.50      0.13      0.21        15
          66       0.00      0.00      0.00         2
          67       0.04      0.33      0.06         3
          68       0.01      0.10      0.02        10
          69       0.05      0.33      0.09         3
          70       0.02      0.12      0.03         8
          71       0.32      0.55      0.40        11
          72       0.12      0.33      0.18         9
          73       0.08      0.33      0.13         3
          74       0.89      0.32      0.47        25
          75       0.89      0.36      0.52        47
          76       0.12      0.33      0.17         6
          77       0.00      0.00      0.00         2
          78       0.05      1.00      0.10         1
          79       0.00      0.00      0.00         1
          80       0.06      0.29      0.10         7
          81       0.03      0.33      0.06         3
          82       0.03      0.20      0.06         5
          83       0.83      0.27      0.41        56
          84       0.10      0.12      0.11        16
          85       0.64      0.28      0.39        32
          86       0.69      0.68      0.68      2354
          87       0.40      0.09      0.15        22

   micro avg       0.78      0.69      0.73     15286
   macro avg       0.36      0.23      0.22     15286
weighted avg       0.83      0.69      0.72     15286
 samples avg       0.84      0.77      0.77     15286


Test Classification Report:
              precision    recall  f1-score   support

           0       0.00      0.00      0.00         5
           1       0.02      0.11      0.03         9
           2       0.08      0.50      0.14         4
           3       0.02      0.12      0.04         8
           4       0.71      0.20      0.31      1256
           5       0.04      0.40      0.08         5
           6       0.00      0.00      0.00         6
           7       0.29      0.36      0.32        14
           8       1.00      0.26      0.41        23
           9       0.86      0.51      0.64       233
          10       0.58      0.21      0.31       100
          11       0.94      0.93      0.94      4535
          12       0.85      0.28      0.42        40
          13       0.13      0.13      0.13        15
          14       0.88      0.18      0.30        39
          15       0.00      0.00      0.00         4
          16       0.08      0.60      0.14         5
          17       0.80      0.29      0.42        14
          18       0.00      0.00      0.00         2
          19       0.00      0.00      0.00         2
          20       0.90      0.29      0.44        95
          21       0.12      0.11      0.11        19
          22       0.83      0.30      0.44        50
          23       0.86      0.29      0.43        66
          24       0.89      0.18      0.30        45
          25       0.89      0.85      0.87      4358
          26       0.12      0.27      0.16        11
          27       0.63      0.39      0.48        70
          28       1.00      0.40      0.57        65
          29       0.42      0.23      0.29        22
          30       0.97      0.15      0.27       181
          31       0.23      0.21      0.22        24
          32       0.10      0.14      0.12         7
          33       0.00      0.00      0.00         8
          34       0.81      0.24      0.37       303
          35       0.00      0.00      0.00         5
          36       0.90      0.39      0.55        23
          37       0.20      0.23      0.21        13
          38       0.76      0.52      0.62       104
          39       0.39      0.12      0.18        75
          40       0.04      0.17      0.06         6
          41       0.04      0.50      0.07         2
          42       0.73      0.30      0.42        27
          43       0.89      0.11      0.19       376
          44       0.97      0.31      0.47        89
          45       0.64      0.23      0.34        61
          46       0.00      0.00      0.00         2
          47       0.00      0.00      0.00         2
          48       0.03      0.25      0.05         4
          49       0.00      0.00      0.00         3
          50       0.00      0.00      0.00         1
          51       0.06      0.29      0.11         7
          52       0.00      0.00      0.00         3
          53       0.89      0.18      0.30        45
          54       0.83      0.42      0.56        24
          55       0.66      0.24      0.35       106
          56       0.11      0.33      0.17         9
          57       0.00      0.00      0.00         3
          58       0.67      0.23      0.34        35
          59       0.00      0.00      0.00         2
          60       0.00      0.00      0.00         2
          61       0.00      0.00      0.00         1
          62       0.00      0.00      0.00         6
          63       0.22      0.58      0.32        19
          64       0.20      0.20      0.20        15
          65       0.08      0.17      0.11         6
          66       0.00      0.00      0.00         5
          67       0.07      0.33      0.11         6
          68       0.00      0.00      0.00         5
          69       0.04      0.33      0.07         3
          70       0.00      0.00      0.00         6
          71       0.11      0.24      0.15        17
          72       0.00      0.00      0.00         3
          73       0.00      0.00      0.00         1
          74       0.50      0.04      0.07        27
          75       0.83      0.43      0.57        35
          76       0.08      0.40      0.13         5
          77       0.04      0.08      0.06        13
          78       0.05      0.50      0.09         2
          79       0.00      0.00      0.00         9
          80       0.09      0.20      0.12        10
          81       0.07      0.17      0.10         6
          82       0.00      0.00      0.00         5
          83       0.75      0.25      0.38        36
          84       0.00      0.00      0.00        18
          85       0.70      0.23      0.34        31
          86       0.67      0.67      0.67      2323
          87       0.53      0.26      0.35        35

   micro avg       0.77      0.68      0.73     15320
   macro avg       0.34      0.22      0.21     15320
weighted avg       0.82      0.68      0.71     15320
 samples avg       0.83      0.77      0.76     15320
