Validation Classification Report:
              precision    recall  f1-score   support

           0       0.00      0.00      0.00         4
           1       0.00      0.00      0.00        11
           2       0.22      0.40      0.29        10
           3       1.00      0.33      0.50         6
           4       0.79      0.28      0.41      1150
           5       0.00      0.00      0.00         5
           6       0.11      0.25      0.15         4
           7       0.00      0.00      0.00         9
           8       1.00      0.53      0.69        19
           9       0.88      0.55      0.67       238
          10       0.85      0.28      0.42       103
          11       0.95      0.94      0.94      4526
          12       1.00      0.20      0.33        30
          13       0.73      0.35      0.47        23
          14       1.00      0.18      0.31        49
          15       0.00      0.00      0.00         3
          16       0.33      0.25      0.29         4
          17       1.00      0.22      0.36        32
          18       0.00      0.00      0.00         3
          19       0.00      0.00      0.00         2
          20       1.00      0.34      0.51        90
          21       1.00      0.23      0.37        22
          22       1.00      0.23      0.37        48
          23       1.00      0.27      0.43        59
          24       1.00      0.10      0.18        41
          25       0.91      0.87      0.89      4393
          26       0.67      0.22      0.33         9
          27       0.91      0.36      0.52        55
          28       0.94      0.22      0.36        77
          29       1.00      0.32      0.48        22
          30       1.00      0.26      0.41       187
          31       1.00      0.20      0.33        20
          32       0.00      0.00      0.00        10
          33       0.60      0.43      0.50         7
          34       0.95      0.31      0.47       305
          35       0.14      0.25      0.18         4
          36       1.00      0.38      0.56        26
          37       1.00      0.33      0.50        15
          38       0.98      0.46      0.63       111
          39       0.86      0.16      0.26        77
          40       0.00      0.00      0.00         4
          41       0.00      0.00      0.00         1
          42       1.00      0.46      0.63        28
          43       1.00      0.33      0.50       354
          44       1.00      0.28      0.44        85
          45       0.92      0.19      0.32        57
          46       0.06      0.33      0.11         3
          47       0.00      0.00      0.00         3
          48       0.50      0.25      0.33         8
          49       0.00      0.00      0.00         0
          50       0.00      0.00      0.00         1
          51       0.50      0.08      0.14        12
          52       0.00      0.00      0.00         4
          53       1.00      0.10      0.18        41
          54       1.00      0.41      0.58        22
          55       1.00      0.15      0.26       120
          56       1.00      0.11      0.20         9
          57       0.09      0.25      0.13         4
          58       1.00      0.09      0.17        22
          59       0.00      0.00      0.00         6
          60       0.00      0.00      0.00         8
          61       0.50      0.17      0.25         6
          62       0.00      0.00      0.00         1
          63       1.00      0.74      0.85        19
          64       1.00      0.44      0.62        18
          65       0.00      0.00      0.00        15
          66       0.00      0.00      0.00         2
          67       0.06      0.33      0.10         3
          68       0.40      0.20      0.27        10
          69       1.00      0.33      0.50         3
          70       0.06      0.12      0.08         8
          71       0.75      0.55      0.63        11
          72       1.00      0.33      0.50         9
          73       0.11      0.33      0.17         3
          74       1.00      0.28      0.44        25
          75       1.00      0.28      0.43        47
          76       0.43      0.50      0.46         6
          77       0.00      0.00      0.00         2
          78       0.03      1.00      0.05         1
          79       0.00      0.00      0.00         1
          80       1.00      0.57      0.73         7
          81       1.00      0.67      0.80         3
          82       0.33      0.20      0.25         5
          83       1.00      0.25      0.40        56
          84       1.00      0.31      0.48        16
          85       1.00      0.22      0.36        32
          86       0.72      0.72      0.72      2354
          87       1.00      0.09      0.17        22

   micro avg       0.87      0.71      0.78     15286
   macro avg       0.59      0.25      0.31     15286
weighted avg       0.88      0.71      0.76     15286
 samples avg       0.89      0.80      0.81     15286


Test Classification Report:
              precision    recall  f1-score   support

           0       0.12      0.20      0.15         5
           1       0.33      0.11      0.17         9
           2       0.21      0.75      0.33         4
           3       0.50      0.12      0.20         8
           4       0.75      0.26      0.39      1256
           5       0.00      0.00      0.00         5
           6       0.00      0.00      0.00         6
           7       0.00      0.00      0.00        14
           8       1.00      0.30      0.47        23
           9       0.93      0.54      0.68       233
          10       0.87      0.20      0.33       100
          11       0.94      0.94      0.94      4535
          12       1.00      0.28      0.43        40
          13       0.40      0.13      0.20        15
          14       1.00      0.15      0.27        39
          15       0.40      0.50      0.44         4
          16       0.00      0.00      0.00         5
          17       1.00      0.29      0.44        14
          18       0.00      0.00      0.00         2
          19       0.00      0.00      0.00         2
          20       1.00      0.26      0.42        95
          21       1.00      0.11      0.19        19
          22       1.00      0.32      0.48        50
          23       1.00      0.18      0.31        66
          24       1.00      0.18      0.30        45
          25       0.91      0.87      0.89      4358
          26       1.00      0.36      0.53        11
          27       0.70      0.33      0.45        70
          28       1.00      0.43      0.60        65
          29       1.00      0.36      0.53        22
          30       1.00      0.32      0.49       181
          31       1.00      0.12      0.22        24
          32       0.00      0.00      0.00         7
          33       0.40      0.25      0.31         8
          34       0.98      0.30      0.46       303
          35       0.17      0.40      0.24         5
          36       1.00      0.43      0.61        23
          37       1.00      0.15      0.27        13
          38       0.98      0.41      0.58       104
          39       0.92      0.15      0.25        75
          40       0.00      0.00      0.00         6
          41       0.05      0.50      0.10         2
          42       1.00      0.37      0.54        27
          43       1.00      0.28      0.44       376
          44       1.00      0.34      0.50        89
          45       0.89      0.13      0.23        61
          46       0.00      0.00      0.00         2
          47       0.29      1.00      0.44         2
          48       1.00      0.50      0.67         4
          49       0.06      0.33      0.10         3
          50       0.06      1.00      0.12         1
          51       0.33      0.14      0.20         7
          52       0.00      0.00      0.00         3
          53       1.00      0.18      0.30        45
          54       1.00      0.38      0.55        24
          55       0.93      0.12      0.22       106
          56       1.00      0.33      0.50         9
          57       0.00      0.00      0.00         3
          58       1.00      0.20      0.33        35
          59       0.00      0.00      0.00         2
          60       0.00      0.00      0.00         2
          61       0.00      0.00      0.00         1
          62       0.00      0.00      0.00         6
          63       1.00      0.63      0.77        19
          64       1.00      0.33      0.50        15
          65       0.00      0.00      0.00         6
          66       0.00      0.00      0.00         5
          67       0.12      0.33      0.18         6
          68       0.22      0.40      0.29         5
          69       1.00      0.33      0.50         3
          70       0.04      0.17      0.06         6
          71       0.90      0.53      0.67        17
          72       1.00      0.67      0.80         3
          73       0.00      0.00      0.00         1
          74       1.00      0.15      0.26        27
          75       1.00      0.26      0.41        35
          76       0.43      0.60      0.50         5
          77       1.00      0.15      0.27        13
          78       0.02      0.50      0.04         2
          79       0.12      0.11      0.12         9
          80       0.80      0.40      0.53        10
          81       1.00      0.17      0.29         6
          82       0.00      0.00      0.00         5
          83       1.00      0.31      0.47        36
          84       1.00      0.06      0.11        18
          85       1.00      0.16      0.28        31
          86       0.71      0.71      0.71      2323
          87       1.00      0.20      0.33        35

   micro avg       0.86      0.71      0.78     15320
   macro avg       0.60      0.27      0.31     15320
weighted avg       0.88      0.71      0.75     15320
 samples avg       0.89      0.79      0.81     15320
