Validation Classification Report:
              precision    recall  f1-score   support

           0       0.00      0.00      0.00         4
           1       0.00      0.00      0.00        11
           2       0.18      0.30      0.22        10
           3       0.04      0.17      0.07         6
           4       0.70      0.19      0.30      1150
           5       0.02      0.20      0.03         5
           6       0.00      0.00      0.00         4
           7       0.00      0.00      0.00         9
           8       0.83      0.53      0.65        19
           9       0.82      0.55      0.66       238
          10       0.66      0.36      0.47       103
          11       0.94      0.93      0.93      4526
          12       0.67      0.13      0.22        30
          13       0.38      0.22      0.28        23
          14       0.92      0.22      0.36        49
          15       0.00      0.00      0.00         3
          16       0.09      0.50      0.15         4
          17       0.75      0.28      0.41        32
          18       0.00      0.00      0.00         3
          19       0.00      0.00      0.00         2
          20       0.97      0.40      0.57        90
          21       0.33      0.23      0.27        22
          22       0.74      0.29      0.42        48
          23       0.95      0.31      0.46        59
          24       0.62      0.12      0.20        41
          25       0.89      0.85      0.87      4393
          26       0.04      0.11      0.06         9
          27       0.71      0.44      0.54        55
          28       0.95      0.23      0.38        77
          29       0.14      0.05      0.07        22
          30       0.95      0.11      0.20       187
          31       0.29      0.10      0.15        20
          32       0.04      0.10      0.05        10
          33       0.01      0.14      0.03         7
          34       0.81      0.26      0.39       305
          35       0.00      0.00      0.00         4
          36       0.67      0.31      0.42        26
          37       0.06      0.20      0.09        15
          38       0.89      0.53      0.67       111
          39       0.53      0.22      0.31        77
          40       0.00      0.00      0.00         4
          41       0.00      0.00      0.00         1
          42       0.22      0.21      0.22        28
          43       0.98      0.12      0.22       354
          44       0.82      0.16      0.27        85
          45       0.48      0.19      0.27        57
          46       0.00      0.00      0.00         3
          47       0.00      0.00      0.00         3
          48       0.03      0.12      0.05         8
          49       0.00      0.00      0.00         0
          50       0.00      0.00      0.00         1
          51       0.04      0.17      0.07        12
          52       0.00      0.00      0.00         4
          53       0.83      0.12      0.21        41
          54       0.17      0.09      0.12        22
          55       0.66      0.21      0.32       120
          56       0.00      0.00      0.00         9
          57       0.00      0.00      0.00         4
          58       0.25      0.09      0.13        22
          59       0.00      0.00      0.00         6
          60       0.03      0.12      0.05         8
          61       0.00      0.00      0.00         6
          62       0.00      0.00      0.00         1
          63       0.82      0.74      0.78        19
          64       0.47      0.39      0.42        18
          65       0.15      0.13      0.14        15
          66       0.00      0.00      0.00         2
          67       0.00      0.00      0.00         3
          68       0.06      0.20      0.09        10
          69       0.04      0.33      0.07         3
          70       0.05      0.25      0.09         8
          71       0.35      0.55      0.43        11
          72       0.12      0.22      0.16         9
          73       0.00      0.00      0.00         3
          74       0.86      0.24      0.38        25
          75       0.38      0.06      0.11        47
          76       0.07      0.33      0.11         6
          77       0.00      0.00      0.00         2
          78       0.07      1.00      0.12         1
          79       0.00      0.00      0.00         1
          80       0.02      0.14      0.03         7
          81       0.06      0.33      0.11         3
          82       0.00      0.00      0.00         5
          83       0.64      0.29      0.40        56
          84       0.33      0.19      0.24        16
          85       1.00      0.25      0.40        32
          86       0.69      0.68      0.68      2354
          87       0.30      0.14      0.19        22

   micro avg       0.78      0.68      0.73     15286
   macro avg       0.32      0.20      0.20     15286
weighted avg       0.82      0.68      0.72     15286
 samples avg       0.84      0.77      0.77     15286


Test Classification Report:
              precision    recall  f1-score   support

           0       0.00      0.00      0.00         5
           1       0.03      0.11      0.05         9
           2       0.06      0.25      0.10         4
           3       0.04      0.12      0.06         8
           4       0.69      0.19      0.30      1256
           5       0.04      0.40      0.07         5
           6       0.00      0.00      0.00         6
           7       0.19      0.36      0.25        14
           8       1.00      0.35      0.52        23
           9       0.87      0.47      0.61       233
          10       0.55      0.21      0.30       100
          11       0.94      0.93      0.94      4535
          12       0.75      0.30      0.43        40
          13       0.18      0.13      0.15        15
          14       0.75      0.23      0.35        39
          15       0.00      0.00      0.00         4
          16       0.21      0.80      0.33         5
          17       0.50      0.36      0.42        14
          18       0.00      0.00      0.00         2
          19       0.00      0.00      0.00         2
          20       0.89      0.26      0.41        95
          21       0.14      0.11      0.12        19
          22       0.90      0.36      0.51        50
          23       1.00      0.24      0.39        66
          24       1.00      0.13      0.24        45
          25       0.89      0.85      0.87      4358
          26       0.09      0.27      0.13        11
          27       0.69      0.53      0.60        70
          28       0.96      0.42      0.58        65
          29       0.25      0.14      0.18        22
          30       0.83      0.16      0.27       181
          31       0.44      0.17      0.24        24
          32       0.04      0.14      0.06         7
          33       0.01      0.12      0.02         8
          34       0.80      0.22      0.34       303
          35       0.04      0.20      0.06         5
          36       0.90      0.39      0.55        23
          37       0.02      0.08      0.03        13
          38       0.80      0.53      0.64       104
          39       0.63      0.16      0.26        75
          40       0.05      0.17      0.07         6
          41       0.05      0.50      0.09         2
          42       0.22      0.22      0.22        27
          43       0.91      0.11      0.19       376
          44       1.00      0.24      0.38        89
          45       0.60      0.20      0.30        61
          46       0.00      0.00      0.00         2
          47       0.00      0.00      0.00         2
          48       0.04      0.25      0.07         4
          49       0.00      0.00      0.00         3
          50       0.00      0.00      0.00         1
          51       0.00      0.00      0.00         7
          52       0.00      0.00      0.00         3
          53       0.58      0.16      0.25        45
          54       0.36      0.17      0.23        24
          55       0.53      0.19      0.28       106
          56       0.10      0.22      0.14         9
          57       0.00      0.00      0.00         3
          58       0.64      0.20      0.30        35
          59       0.00      0.00      0.00         2
          60       0.06      0.50      0.10         2
          61       0.00      0.00      0.00         1
          62       0.00      0.00      0.00         6
          63       0.77      0.53      0.62        19
          64       0.38      0.33      0.36        15
          65       0.00      0.00      0.00         6
          66       0.00      0.00      0.00         5
          67       0.00      0.00      0.00         6
          68       0.00      0.00      0.00         5
          69       0.04      0.33      0.07         3
          70       0.02      0.17      0.04         6
          71       0.50      0.47      0.48        17
          72       0.09      0.33      0.14         3
          73       0.00      0.00      0.00         1
          74       0.80      0.15      0.25        27
          75       0.40      0.06      0.10        35
          76       0.04      0.20      0.07         5
          77       0.00      0.00      0.00        13
          78       0.09      0.50      0.15         2
          79       0.00      0.00      0.00         9
          80       0.02      0.10      0.04        10
          81       0.00      0.00      0.00         6
          82       0.00      0.00      0.00         5
          83       0.75      0.33      0.46        36
          84       0.00      0.00      0.00        18
          85       1.00      0.26      0.41        31
          86       0.66      0.68      0.67      2323
          87       0.50      0.20      0.29        35

   micro avg       0.77      0.68      0.72     15320
   macro avg       0.33      0.21      0.21     15320
weighted avg       0.82      0.68      0.71     15320
 samples avg       0.83      0.77      0.76     15320
